1	James Harden	26	HOU	SG	82	82	3125	710	1617	.439	236	657	.359	474	960	.494	.512	720	837	.860	63	438	501	612	139	51	374	229	2376	3	MVP-9,AS
2	Stephen Curry	27	GSW	PG	79	79	2700	805	1598	.504	402	886	.454	403	712	.566	.630	363	400	.908	68	362	430	527	169	15	262	161	2375	2	MVP-1,AS,NBA1
3	Kevin Durant	27	OKC	SF	72	72	2578	698	1381	.505	186	481	.387	512	900	.569	.573	447	498	.898	45	544	589	361	69	85	250	137	2029	1	MVP-5,AS,NBA2
4	LeBron James	31	CLE	SF	76	76	2709	737	1416	.520	87	282	.309	650	1134	.573	.551	359	491	.731	111	454	565	514	104	49	249	143	1920	3	MVP-3,DPOY-11,AS,NBA1
5	Damian Lillard	25	POR	PG	75	75	2676	618	1474	.419	229	610	.375	389	864	.450	.497	414	464	.892	45	257	302	512	65	28	242	165	1879	0	MVP-8,NBA2
6	Russell Westbrook	27	OKC	PG	80	80	2750	656	1444	.454	101	341	.296	555	1103	.503	.489	465	573	.812	145	481	626	834	163	20	342	200	1878	18	MVP-4,AS,NBA1
7	Paul George	25	IND	SF	81	81	2819	605	1449	.418	210	566	.371	395	883	.447	.490	454	528	.860	79	484	563	329	152	29	265	230	1874	0	AS,NBA3,DEF2
8	DeMar DeRozan	26	TOR	SG	78	78	2804	614	1377	.446	47	139	.338	567	1238	.458	.463	555	653	.850	64	285	349	315	81	21	175	167	1830	0	AS
9	Isaiah Thomas	26	BOS	PG	82	79	2644	591	1382	.428	167	465	.359	424	917	.462	.488	474	544	.871	46	197	243	509	91	9	220	167	1823	0	AS
10	Klay Thompson	25	GSW	SG	80	80	2666	651	1386	.470	276	650	.425	375	736	.510	.569	193	221	.873	35	271	306	166	60	49	138	152	1771	0	AS,NBA3
11	DeMarcus Cousins	25	SAC	C	65	65	2246	601	1332	.451	70	210	.333	531	1122	.473	.477	476	663	.718	158	589	747	214	101	92	249	236	1748	1	AS,NBA2
12	Kemba Walker	25	CHO	PG	81	81	2885	568	1331	.427	182	490	.371	386	841	.459	.495	371	438	.847	56	301	357	421	126	39	171	111	1689	0	
13	Andrew Wiggins	20	MIN	SF	81	81	2845	594	1294	.459	57	190	.300	537	1104	.486	.481	430	565	.761	105	186	291	164	78	46	182	165	1675	0	
14	CJ McCollum	24	POR	SG	80	80	2780	641	1431	.448	197	472	.417	444	959	.463	.517	187	226	.827	47	212	259	341	97	23	196	187	1666	0	MIP-1
15	Kyle Lowry	29	TOR	PG	77	77	2851	512	1198	.427	212	547	.388	300	651	.461	.516	398	491	.811	55	310	365	494	158	34	225	211	1634	1	MVP-10,DPOY-13,AS,NBA3
16	Gordon Hayward	25	UTA	SF	80	80	2893	521	1202	.433	143	410	.349	378	792	.477	.493	393	477	.824	61	336	397	296	95	27	202	183	1578	0	
17	Carmelo Anthony	31	NYK	SF	72	72	2530	567	1307	.434	105	310	.339	462	997	.463	.474	334	403	.829	98	458	556	299	62	38	176	180	1573	0	AS
18	John Wall	25	WAS	PG	77	77	2784	572	1349	.424	115	328	.351	457	1021	.448	.467	272	344	.791	42	337	379	789	145	59	318	159	1531	4	AS
19	Kawhi Leonard	24	SAS	SF	72	72	2380	551	1090	.506	129	291	.443	422	799	.528	.565	292	334	.874	95	398	493	186	128	71	105	133	1523	0	MVP-2,DPOY-1,AS,NBA1,DEF1
20	Karl-Anthony Towns	20	MIN	C	82	82	2627	625	1153	.542	30	88	.341	595	1065	.559	.555	223	275	.811	229	629	858	161	58	138	183	245	1503	0	ROY-1
45	Avery Bradley	25	BOS	SG	76	72	2536	456	1019	.447	147	407	.361	309	612	.505	.520	96	123	.780	48	172	220	158	117	19	109	164	1155	0	DPOY-6,DEF1
46	Victor Oladipo	23	ORL	SG	72	52	2379	425	970	.438	98	282	.348	327	688	.475	.489	205	247	.830	48	297	345	282	116	54	153	174	1153	1	
47	Zach LaVine	20	MIN	SG	82	33	2294	433	959	.452	123	316	.389	310	643	.482	.516	161	203	.793	27	201	228	251	69	17	155	193	1150	0	6MOY-14
48	Rodney Hood	23	UTA	SG	79	79	2541	408	972	.420	161	449	.359	247	523	.472	.503	172	200	.860	38	229	267	213	73	16	125	202	1149	0	
49	Draymond Green	25	GSW	PF	81	81	2808	401	819	.490	100	258	.388	301	561	.537	.551	229	329	.696	134	635	769	598	119	113	259	240	1131	13	MVP-7,DPOY-2,AS,NBA2,DEF1
50	Marcus Morris	26	DET	SF	80	80	2856	410	945	.4# html
